0.000000000000000000e+00 -8.930595639172401570e+04
2.234700787345697659e+00 -8.930594172090201755e+04
4.469401574691395318e+00 -8.930588965449394891e+04
6.704102362037092533e+00 -8.930578811158679309e+04
8.938803149382790636e+00 -8.930563175443092769e+04
1.117350393672848874e+01 -8.930543551029896480e+04
1.340820472407418507e+01 -8.930511933989575482e+04
1.564290551141988317e+01 -8.930458608221354370e+04
1.787760629876558127e+01 -8.930382961397877079e+04
2.011230708611127938e+01 -8.930272526372005814e+04
2.234700787345697748e+01 -8.930084764690179145e+04
2.458170866080267558e+01 -8.929779311403662723e+04
2.681640944814837013e+01 -8.929404239385822439e+04
2.905111023549406823e+01 -8.929071684105976601e+04
3.128581102283976634e+01 -8.928887223170195648e+04
3.352051181018546799e+01 -8.928893887834130146e+04
3.575521259753116254e+01 -8.928955555980782083e+04
3.798991338487685709e+01 -8.929051857878624287e+04
4.022461417222255875e+01 -8.929173062281704915e+04
4.245931495956825330e+01 -8.929309437944072124e+04
4.469401574691395496e+01 -8.929451253619774070e+04
4.692871653425964951e+01 -8.929588778062858910e+04
4.916341732160535116e+01 -8.929717827748882701e+04
5.139811810895104571e+01 -8.929846124331996543e+04
5.363281889629674026e+01 -8.929969261873578944e+04
5.586751968364244192e+01 -8.930082019458373543e+04
5.810222047098813647e+01 -8.930179176171123981e+04
6.033692125833383813e+01 -8.930255511096573900e+04
6.257162204567953268e+01 -8.930305803319469851e+04
6.480632283302523433e+01 -8.930331604866297857e+04
6.704102362037093599e+01 -8.930347412452877325e+04
6.927572440771662343e+01 -8.930355366836918984e+04
7.151042519506232509e+01 -8.930356963860004907e+04
7.374512598240802674e+01 -8.930353699363721535e+04
7.597982676975371419e+01 -8.930347069189653848e+04
7.821452755709941584e+01 -8.930338569179383921e+04
8.044922834444511750e+01 -8.930331383086933056e+04
8.268392913179081916e+01 -8.930328568134493253e+04
8.491862991913650660e+01 -8.930328603120752086e+04
8.715333070648220826e+01 -8.930329865522692853e+04
8.938803149382790991e+01 -8.930330732817297394e+04
9.162273228117359736e+01 -8.930329582481550460e+04
9.385743306851929901e+01 -8.930324791992433893e+04
9.609213385586500067e+01 -8.930317070543002046e+04
9.832683464321070232e+01 -8.930309279056776722e+04
1.005615354305563898e+02 -8.930301281542470679e+04
1.027962362179020914e+02 -8.930292903156011016e+04
1.050309370052477931e+02 -8.930283969053317560e+04
1.072656377925934805e+02 -8.930274304390315956e+04
1.095003385799391822e+02 -8.930263734322928940e+04
1.117350393672848838e+02 -8.930269215707460535e+04
1.139697401546305855e+02 -8.930305096823080385e+04
1.162044409419762729e+02 -8.930360952777601779e+04
1.184391417293219746e+02 -8.930426299761535483e+04
1.206738425166676763e+02 -8.930490653965392266e+04
1.229085433040133779e+02 -8.930543531579681439e+04
1.251432440913590654e+02 -8.930574455225211568e+04
1.273779448787047670e+02 -8.930610505814438511e+04
1.296126456660504687e+02 -8.930678925195166084e+04
1.318473464533961703e+02 -8.930772332441934850e+04
1.340820472407418720e+02 -8.930883346629283915e+04
1.363167480280875452e+02 -8.931004586831755296e+04
1.385514488154332469e+02 -8.931128672123889555e+04
1.407861496027789485e+02 -8.931248218465691025e+04
1.430208503901246502e+02 -8.931356819431265467e+04
1.452555511774703518e+02 -8.931452982004440855e+04
1.474902519648160535e+02 -8.931536529789271299e+04
1.497249527521617551e+02 -8.931607286389806541e+04
1.519596535395074284e+02 -8.931665075410096324e+04
1.541943543268531300e+02 -8.931709720454193302e+04
1.564290551141988317e+02 -8.931741090504909516e+04
1.586637559015445333e+02 -8.931761619276968122e+04
1.608984566888902350e+02 -8.931773993063574017e+04
1.631331574762359367e+02 -8.931779911020788131e+04
1.653678582635816383e+02 -8.931781072304675763e+04
1.676025590509273115e+02 -8.931779176071302209e+04
1.698372598382730132e+02 -8.931775921476729854e+04
1.720719606256187149e+02 -8.931772950140782632e+04
1.743066614129644165e+02 -8.931770190403902961e+04
1.765413622003101182e+02 -8.931767676770685648e+04
1.787760629876558198e+02 -8.931765987412675167e+04
1.810107637750015215e+02 -8.931765700501418905e+04
1.832454645623471947e+02 -8.931767394208458427e+04
1.854801653496928964e+02 -8.931771646705341118e+04
1.877148661370385980e+02 -8.931778729590936564e+04
1.899495669243842997e+02 -8.931784462883572269e+04
1.921842677117300013e+02 -8.931787610819416295e+04
1.944189684990757030e+02 -8.931788507853899500e+04
1.966536692864214046e+02 -8.931787488442452741e+04
1.988883700737670779e+02 -8.931784887040511239e+04
2.011230708611127795e+02 -8.931781038103507308e+04
2.033577716484584812e+02 -8.931776564672867244e+04
2.055924724358041829e+02 -8.931774407793121645e+04
2.078271732231498845e+02 -8.931774408281440265e+04
2.100618740104955862e+02 -8.931775498407112900e+04
2.122965747978412878e+02 -8.931776610439427895e+04
2.145312755851869611e+02 -8.931776676647670683e+04
2.167659763725326627e+02 -8.931774629301129607e+04
2.190006771598783644e+02 -8.931772456979060371e+04
2.212353779472240660e+02 -8.931790108692187641e+04
2.234700787345697677e+02 -8.931824299531856377e+04
2.257047795219154693e+02 -8.931866367860947503e+04
2.279394803092611710e+02 -8.931907652042343398e+04
2.301741810966068726e+02 -8.931939490438927896e+04
2.324088818839525459e+02 -8.931953221413579013e+04
2.346435826712982475e+02 -8.931945670940945274e+04
2.368782834586439492e+02 -8.931942855674269958e+04
2.391129842459896508e+02 -8.931946906402237073e+04
2.413476850333353525e+02 -8.931954825643403456e+04
2.435823858206810542e+02 -8.931963615916330309e+04
2.458170866080267558e+02 -8.931970279739571561e+04
2.480517873953724290e+02 -8.931971819631689868e+04
2.502864881827181307e+02 -8.931968580652764649e+04
2.525211889700638324e+02 -8.931972450859089440e+04
2.547558897574095340e+02 -8.931982429240430065e+04
2.569905905447552072e+02 -8.931995768207305809e+04
2.592252913321009373e+02 -8.932009720170234505e+04
2.614599921194466106e+02 -8.932021537539735436e+04
2.636946929067923406e+02 -8.932028472726327891e+04
2.659293936941380139e+02 -8.932026737987456727e+04
2.681640944814837439e+02 -8.932013266631067381e+04
2.703987952688294172e+02 -8.931991914387901488e+04
2.726334960561750904e+02 -8.931966967111339909e+04
2.748681968435208205e+02 -8.931942710654763505e+04
2.771028976308664937e+02 -8.931923430871551682e+04
2.793375984182122238e+02 -8.931913413615088211e+04
2.815722992055578970e+02 -8.931916944738751044e+04
2.838069999929036271e+02 -8.931937957282546267e+04
2.860417007802493004e+02 -8.931960234646947356e+04
2.882764015675949736e+02 -8.931974490793969017e+04
2.905111023549407037e+02 -8.931982731844381487e+04
2.927458031422863769e+02 -8.931986963918947731e+04
2.949805039296321070e+02 -8.931989193138435076e+04
2.972152047169777802e+02 -8.931991425623609393e+04
2.994499055043235103e+02 -8.931995667495236557e+04
3.016846062916691835e+02 -8.932002319995658763e+04
3.039193070790148568e+02 -8.932008250656617747e+04
3.061540078663605868e+02 -8.932012915097315272e+04
3.083887086537062601e+02 -8.932015921042930859e+04
3.106234094410519901e+02 -8.932016876218641119e+04
3.128581102283976634e+02 -8.932015388349628483e+04
3.150928110157433935e+02 -8.932011080399282218e+04
3.173275118030890667e+02 -8.932009034563462774e+04
3.195622125904347399e+02 -8.932011777044326300e+04
3.217969133777804700e+02 -8.932016721456125379e+04
3.240316141651261432e+02 -8.932021281413109682e+04
3.262663149524718733e+02 -8.932022870529528882e+04
3.285010157398175465e+02 -8.932018902419634105e+04
3.307357165271632766e+02 -8.932006478063047689e+04
3.329704173145089499e+02 -8.931980084495717892e+04
3.352051181018546231e+02 -8.931942669554495660e+04
3.374398188892003532e+02 -8.931899678077558929e+04
3.396745196765460264e+02 -8.931856554903088545e+04
3.419092204638917565e+02 -8.931818744869262446e+04
3.441439212512374297e+02 -8.931791692814260023e+04
3.463786220385831598e+02 -8.931774001924050390e+04
3.486133228259288330e+02 -8.931734558915432717e+04
3.508480236132745063e+02 -8.931672173299881979e+04
3.530827244006202363e+02 -8.931590827294466726e+04
3.553174251879659096e+02 -8.931494503116249689e+04
3.575521259753116396e+02 -8.931387182982297963e+04
3.597868267626573129e+02 -8.931272849109677190e+04
3.620215275500030430e+02 -8.931165505222060892e+04
3.642562283373487162e+02 -8.931085741305233387e+04
3.664909291246943894e+02 -8.931040415009895514e+04
3.687256299120401195e+02 -8.931036245052784216e+04
3.709603306993857927e+02 -8.931079950150633522e+04
3.731950314867315228e+02 -8.931178249020176008e+04
3.754297322740771961e+02 -8.931326168266126479e+04
3.776644330614229261e+02 -8.931434981187345693e+04
3.798991338487685994e+02 -8.931495384398457827e+04
3.821338346361142726e+02 -8.931520292867069656e+04
3.843685354234600027e+02 -8.931522621560787957e+04
3.866032362108056759e+02 -8.931515285447220958e+04
3.888379369981514060e+02 -8.931510521398560377e+04
3.910726377854970792e+02 -8.931487374503252795e+04
3.933073385728428093e+02 -8.931441330240515526e+04
3.955420393601884825e+02 -8.931387318927730666e+04
3.977767401475341558e+02 -8.931340270882274490e+04
4.000114409348798858e+02 -8.931315116421526182e+04
4.022461417222255591e+02 -8.931325698112758982e+04
4.044808425095712892e+02 -8.931177906126502785e+04
4.067155432969169624e+02 -8.930812587557733059e+04
4.089502440842626925e+02 -8.930362916999183653e+04
4.111849448716083657e+02 -8.929962069043588417e+04
4.134196456589540389e+02 -8.929743218283675378e+04
4.156543464462997690e+02 -8.929828063205792569e+04
4.178890472336454422e+02 -8.930017855378852983e+04
4.201237480209911723e+02 -8.930194037865706196e+04
4.223584488083368456e+02 -8.930356300296956033e+04
4.245931495956825756e+02 -8.930504332303203410e+04
4.268278503830282489e+02 -8.930637823515053606e+04
4.290625511703739221e+02 -8.930756463563108991e+04
4.312972519577196522e+02 -8.930857843155307637e+04
4.335319527450653254e+02 -8.930931218990948400e+04
4.357666535324110555e+02 -8.930979520791170944e+04
4.380013543197567287e+02 -8.931007980828340806e+04
4.402360551071024588e+02 -8.931021831374822068e+04
4.424707558944481320e+02 -8.931026304702975904e+04
4.447054566817938621e+02 -8.931026633085169306e+04
