0.000000000000000000e+00 -8.784439855873362103e+04
9.196129105096088052e-01 -8.784439751676596643e+04
1.839225821019217610e+00 -8.784439392471898464e+04
2.758838731528826305e+00 -8.784438708337664139e+04
3.678451642038435221e+00 -8.784437629352287331e+04
4.598064552548043693e+00 -8.784436085594166070e+04
5.517677463057652609e+00 -8.784434349073331396e+04
6.437290373567261526e+00 -8.784432706383461482e+04
7.356903284076870442e+00 -8.784430341002157365e+04
8.276516194586479358e+00 -8.784426401080982760e+04
9.196129105096087386e+00 -8.784420034771501378e+04
1.011574201560569719e+01 -8.784410593920967949e+04
1.103535492611530522e+01 -8.784398150448595698e+04
1.195496783662491502e+01 -8.784381630495436548e+04
1.287458074713452305e+01 -8.784359788254887098e+04
1.379419365764413286e+01 -8.784331377920343948e+04
1.471380656815374088e+01 -8.784295261339911667e+04
1.563341947866334891e+01 -8.784252350483358896e+04
1.655303238917295872e+01 -8.784201817775348900e+04
1.747264529968256852e+01 -8.784141851498454344e+04
1.839225821019217477e+01 -8.784070639935242070e+04
1.931187112070178458e+01 -8.783986371368284745e+04
2.023148403121139438e+01 -8.783889732487355650e+04
2.115109694172100419e+01 -8.783780814084500889e+04
2.207070985223061044e+01 -8.783655200601537945e+04
2.299032276274022024e+01 -8.783508448901644442e+04
2.390993567324983005e+01 -8.783336115847996552e+04
2.482954858375943630e+01 -8.783133547508713673e+04
2.574916149426904610e+01 -8.782898768896244292e+04
2.666877440477865591e+01 -8.782636403804041038e+04
2.758838731528826571e+01 -8.782351649947499391e+04
2.850800022579787196e+01 -8.782049705042017740e+04
2.942761313630748177e+01 -8.781735847925000417e+04
3.034722604681709157e+01 -8.781432384963070217e+04
3.126683895732669782e+01 -8.781156059862780967e+04
3.218645186783631118e+01 -8.780910066293539421e+04
3.310606477834591743e+01 -8.780697597924756701e+04
3.402567768885552368e+01 -8.780521848425839562e+04
3.494529059936513704e+01 -8.780385403902721009e+04
3.586490350987474329e+01 -8.780284670121366798e+04
3.678451642038434954e+01 -8.780212753594876267e+04
3.770412933089396290e+01 -8.780162758106224646e+04
3.862374224140356915e+01 -8.780127787438388623e+04
3.954335515191317540e+01 -8.780100923529970169e+04
4.046296806242278876e+01 -8.780075466742797289e+04
4.138258097293239501e+01 -8.780051429181724961e+04
4.230219388344200837e+01 -8.780031091962287610e+04
4.322180679395161462e+01 -8.780016736200015293e+04
4.414141970446122087e+01 -8.780010643010440981e+04
4.506103261497083423e+01 -8.780014201954542659e+04
4.598064552548044048e+01 -8.780024597446416738e+04
4.690025843599004673e+01 -8.780039491305686533e+04
4.781987134649966009e+01 -8.780056714506818389e+04
4.873948425700926634e+01 -8.780074098024277191e+04
4.965909716751887260e+01 -8.780089472832527827e+04
5.057871007802848595e+01 -8.780100669906038092e+04
5.149832298853809220e+01 -8.780105520219269965e+04
5.241793589904769846e+01 -8.780105699987350090e+04
5.333754880955731181e+01 -8.780111787164187990e+04
5.425716172006691806e+01 -8.780123392502059869e+04
5.517677463057653142e+01 -8.780139211299111776e+04
5.609638754108613767e+01 -8.780157938853483938e+04
5.701600045159574393e+01 -8.780178270463323861e+04
5.793561336210535728e+01 -8.780198901426773227e+04
5.885522627261496353e+01 -8.780218527041976631e+04
5.977483918312456979e+01 -8.780234263356983138e+04
6.069445209363418314e+01 -8.780242458316794364e+04
6.161406500414378939e+01 -8.780245533854333917e+04
6.253367791465339565e+01 -8.780246212973687216e+04
6.345329082516300900e+01 -8.780247218678936770e+04
6.437290373567262236e+01 -8.780251273974165088e+04
6.529251664618222151e+01 -8.780261101863457588e+04
6.621212955669183486e+01 -8.780279425350896781e+04
6.713174246720144822e+01 -8.780303848595728050e+04
6.805135537771104737e+01 -8.780324247116791958e+04
6.897096828822066072e+01 -8.780340476683044108e+04
6.989058119873027408e+01 -8.780352812437004468e+04
7.081019410923987323e+01 -8.780361529521193006e+04
7.172980701974948659e+01 -8.780366903078132600e+04
7.264941993025909994e+01 -8.780369208250340307e+04
7.356903284076869909e+01 -8.780368720180339005e+04
7.448864575127831245e+01 -8.780370460825832561e+04
7.540825866178792580e+01 -8.780381640155102650e+04
7.632787157229752495e+01 -8.780399555496755056e+04
7.724748448280713831e+01 -8.780421301165300247e+04
7.816709739331675166e+01 -8.780443971475248691e+04
7.908671030382635081e+01 -8.780464660741113767e+04
8.000632321433596417e+01 -8.780480463277407398e+04
8.092593612484557752e+01 -8.780488473398640053e+04
8.184554903535517667e+01 -8.780491039123103837e+04
8.276516194586479003e+01 -8.780494719403635827e+04
8.368477485637440338e+01 -8.780499922979823896e+04
8.460438776688401674e+01 -8.780507006914455269e+04
8.552400067739361589e+01 -8.780516328270312806e+04
8.644361358790322925e+01 -8.780528244110177911e+04
8.736322649841284260e+01 -8.780543111496836354e+04
8.828283940892244175e+01 -8.780561287493070995e+04
8.920245231943205511e+01 -8.780576037401545909e+04
9.012206522994166846e+01 -8.780582030960574048e+04
9.104167814045126761e+01 -8.780582175766736327e+04
9.196129105096088097e+01 -8.780579380143912567e+04
9.288090396147049432e+01 -8.780576552415985498e+04
9.380051687198009347e+01 -8.780576600906834938e+04
9.472012978248970683e+01 -8.780582433940340707e+04
9.563974269299932018e+01 -8.780596910459447827e+04
9.655935560350891933e+01 -8.780615236098681635e+04
9.747896851401853269e+01 -8.780632254557305714e+04
9.839858142452814604e+01 -8.780647273028019117e+04
9.931819433503774519e+01 -8.780659598703516531e+04
1.002378072455473585e+02 -8.780668538776495552e+04
1.011574201560569719e+02 -8.780673400439650868e+04
1.020770330665665711e+02 -8.780673490885678621e+04
1.029966459770761844e+02 -8.780668494651647052e+04
1.039162588875857978e+02 -8.780667883330793120e+04
1.048358717980953969e+02 -8.780674483384311316e+04
1.057554847086050103e+02 -8.780686213711250457e+04
1.066750976191146236e+02 -8.780700993210657907e+04
1.075947105296242370e+02 -8.780716740781579574e+04
1.085143234401338361e+02 -8.780731375323065731e+04
1.094339363506434495e+02 -8.780742815734160831e+04
1.103535492611530628e+02 -8.780749045792737161e+04
1.112731621716626620e+02 -8.780749936312870705e+04
1.121927750821722753e+02 -8.780747442068193050e+04
1.131123879926818887e+02 -8.780743620158263366e+04
1.140320009031914879e+02 -8.780740527682642278e+04
1.149516138137011012e+02 -8.780740221740890411e+04
1.158712267242107146e+02 -8.780744759432568389e+04
1.167908396347203137e+02 -8.780756197857238294e+04
1.177104525452299271e+02 -8.780772327446070267e+04
1.186300654557395404e+02 -8.780781028448282450e+04
1.195496783662491396e+02 -8.780783228881981631e+04
1.204692912767587529e+02 -8.780780986228641996e+04
1.213889041872683663e+02 -8.780776357969743549e+04
1.223085170977779654e+02 -8.780771401586763386e+04
1.232281300082875788e+02 -8.780768174561178603e+04
1.241477429187971921e+02 -8.780768734419731481e+04
1.250673558293067913e+02 -8.780774677818341297e+04
1.259869687398164046e+02 -8.780784983367954555e+04
1.269065816503260180e+02 -8.780797799091563502e+04
1.278261945608356172e+02 -8.780811273012166203e+04
1.287458074713452447e+02 -8.780823553152757813e+04
1.296654203818548297e+02 -8.780832787536333490e+04
1.305850332923644430e+02 -8.780837124185888388e+04
1.315046462028740564e+02 -8.780836000044687535e+04
1.324242591133836697e+02 -8.780836680296811392e+04
1.333438720238932831e+02 -8.780840499909374921e+04
1.342634849344028964e+02 -8.780847321670893871e+04
1.351830978449124814e+02 -8.780857008369876712e+04
1.361027107554220947e+02 -8.780869422794836282e+04
1.370223236659317081e+02 -8.780884427734285418e+04
1.379419365764413214e+02 -8.780901872517977608e+04
1.388615494869509348e+02 -8.780917716805927921e+04
1.397811623974605482e+02 -8.780930450133916747e+04
1.407007753079701331e+02 -8.780942414499503502e+04
1.416203882184797465e+02 -8.780955951900243235e+04
1.425400011289893598e+02 -8.780973404333695362e+04
1.434596140394989732e+02 -8.780997113797417842e+04
1.443792269500085865e+02 -8.781029422288967180e+04
1.452988398605181999e+02 -8.781068517809789046e+04
1.462184527710278132e+02 -8.781108512620565307e+04
1.471380656815373982e+02 -8.781153823920158902e+04
1.480576785920470115e+02 -8.781209265574587334e+04
1.489772915025566249e+02 -8.781279651449873927e+04
1.498969044130662382e+02 -8.781369795412039093e+04
1.508165173235758516e+02 -8.781484511327100336e+04
1.517361302340854650e+02 -8.781629019991686800e+04
1.526557431445950499e+02 -8.781805979726689111e+04
1.535753560551046633e+02 -8.782011635478546668e+04
1.544949689656142766e+02 -8.782241809583239956e+04
1.554145818761238900e+02 -8.782492324376752367e+04
1.563341947866335033e+02 -8.782759002195064386e+04
1.572538076971431167e+02 -8.783037665374157950e+04
1.581734206076527016e+02 -8.783320524592867878e+04
1.590930335181623150e+02 -8.783585424370241526e+04
1.600126464286719283e+02 -8.783828982706561510e+04
1.609322593391815417e+02 -8.784050865409326798e+04
1.618518722496911550e+02 -8.784250738286034903e+04
1.627714851602007684e+02 -8.784428267144183337e+04
1.636910980707103533e+02 -8.784583117791271070e+04
1.646107109812199667e+02 -8.784715027219188050e+04
1.655303238917295801e+02 -8.784825179108309385e+04
1.664499368022391934e+02 -8.784916097168590932e+04
1.673695497127488068e+02 -8.784990355113406258e+04
1.682891626232584201e+02 -8.785050526656133297e+04
1.692087755337680335e+02 -8.785099185510144162e+04
1.701283884442776184e+02 -8.785138905388815328e+04
1.710480013547872318e+02 -8.785171278076467570e+04
1.719676142652968451e+02 -8.785195218172331806e+04
1.728872271758064585e+02 -8.785212100754346466e+04
1.738068400863160718e+02 -8.785223532519249420e+04
1.747264529968256852e+02 -8.785231120163777086e+04
1.756460659073352701e+02 -8.785236470384662971e+04
1.765656788178448835e+02 -8.785241189878646401e+04
1.774852917283544969e+02 -8.785245777384968824e+04
1.784049046388641102e+02 -8.785248968234789209e+04
1.793245175493737236e+02 -8.785250982535973890e+04
1.802441304598833369e+02 -8.785252086248062551e+04
1.811637433703929219e+02 -8.785252545330597786e+04
1.820833562809025352e+02 -8.785252625743122189e+04
1.830029691914121486e+02 -8.785252593445176899e+04
