0.000000000000000000e+00 -8.794636516325580305e+04
4.936144522407221125e+00 -8.794646589692460839e+04
9.872289044814442249e+00 -8.794666199580323882e+04
1.480843356722166249e+01 -8.794679430670001602e+04
1.974457808962888450e+01 -8.794670367642329074e+04
2.468072261203610651e+01 -8.794623095178138465e+04
2.961686713444332497e+01 -8.794535497272247449e+04
3.455301165685055054e+01 -8.794367242731396982e+04
3.948915617925776900e+01 -8.793993112362459942e+04
4.442530070166498746e+01 -8.793285337352970964e+04
4.936144522407221302e+01 -8.792116148890463228e+04
5.429758974647943148e+01 -8.790595182674090029e+04
5.923373426888664994e+01 -8.790035768141409790e+04
6.416987879129386840e+01 -8.790221325606667961e+04
6.910602331370110107e+01 -8.790623527575191110e+04
7.404216783610831953e+01 -8.790714046552308719e+04
7.897831235851553799e+01 -8.789983843580233224e+04
8.391445688092275645e+01 -8.789325035493045289e+04
8.885060140332997491e+01 -8.789264869347034255e+04
9.378674592573720759e+01 -8.789522251648582460e+04
9.872289044814442605e+01 -8.789816088904070784e+04
1.036590349705516445e+02 -8.789865287619881565e+04
1.085951794929588630e+02 -8.789607881240961433e+04
1.135313240153660814e+02 -8.789644568631594302e+04
1.184674685377732999e+02 -8.789912143623548036e+04
1.234036130601805326e+02 -8.790273103649202676e+04
1.283397575825877368e+02 -8.790589946140936809e+04
1.332759021049949695e+02 -8.790725168531130475e+04
1.382120466274022021e+02 -8.790648383830784587e+04
1.431481911498094064e+02 -8.790471935004334955e+04
1.480843356722166391e+02 -8.790246881356368249e+04
1.530204801946238433e+02 -8.790024050190027629e+04
1.579566247170310760e+02 -8.789854268808451889e+04
1.628927692394383087e+02 -8.789789567496837117e+04
1.678289137618455129e+02 -8.789888755280972691e+04
1.727650582842527456e+02 -8.790111797586614557e+04
1.777012028066599498e+02 -8.790388189664459787e+04
1.826373473290671825e+02 -8.790647426765212731e+04
1.875734918514744152e+02 -8.790819004139571916e+04
1.925096363738816194e+02 -8.790832616819307441e+04
1.974457808962888521e+02 -8.790784586673494778e+04
2.023819254186960563e+02 -8.790781183944217628e+04
2.073180699411032890e+02 -8.790798583405956742e+04
2.122542144635105217e+02 -8.790812959833198693e+04
2.171903589859177259e+02 -8.790800488000427140e+04
2.221265035083249586e+02 -8.790737342682124290e+04
2.270626480307321629e+02 -8.790617233680612117e+04
2.319987925531393955e+02 -8.790517352001844847e+04
2.369349370755465998e+02 -8.790439294608848286e+04
2.418710815979538324e+02 -8.790370286642905558e+04
2.468072261203610651e+02 -8.790297553245302697e+04
2.517433706427682694e+02 -8.790208319557322829e+04
2.566795151651754736e+02 -8.790089810720250534e+04
2.616156596875827063e+02 -8.790112618590438797e+04
2.665518042099899390e+02 -8.790410481427074410e+04
2.714879487323971716e+02 -8.790859045688093465e+04
2.764240932548044043e+02 -8.791333523630280979e+04
2.813602377772115801e+02 -8.791709127510426333e+04
2.862963822996188128e+02 -8.791861069585316000e+04
2.912325268220260455e+02 -8.791671563546972175e+04
2.961686713444332781e+02 -8.791169672782685666e+04
3.011048158668405108e+02 -8.790518645117859705e+04
3.060409603892476866e+02 -8.789886131737062533e+04
3.109771049116549193e+02 -8.789439783824866754e+04
3.159132494340621520e+02 -8.789347252565840608e+04
3.208493939564693846e+02 -8.789758517417441180e+04
3.257855384788766173e+02 -8.790133783813223999e+04
3.307216830012837931e+02 -8.790250120967529074e+04
3.356578275236910258e+02 -8.790243348368756415e+04
3.405939720460982585e+02 -8.790249285505306034e+04
3.455301165685054912e+02 -8.790403751865579397e+04
3.504662610909127238e+02 -8.790636464011763746e+04
3.554024056133198997e+02 -8.790739368254182045e+04
3.603385501357271323e+02 -8.790758102672483074e+04
3.652746946581343650e+02 -8.790740228489230503e+04
3.702108391805415977e+02 -8.790725169839293812e+04
3.751469837029488303e+02 -8.790695606618240708e+04
3.800831282253560062e+02 -8.790638748954150651e+04
3.850192727477632388e+02 -8.790546008740502293e+04
3.899554172701704715e+02 -8.790409683482671971e+04
3.948915617925777042e+02 -8.790353484092889994e+04
3.998277063149849369e+02 -8.790413072751674918e+04
4.047638508373921127e+02 -8.790507199340908846e+04
4.096999953597993454e+02 -8.790554613742475340e+04
4.146361398822065780e+02 -8.790474065838256502e+04
4.195722844046138107e+02 -8.790184305510134436e+04
4.245084289270210434e+02 -8.789872563036580686e+04
4.294445734494282192e+02 -8.789796368837992486e+04
4.343807179718354519e+02 -8.789891155252090539e+04
4.393168624942426845e+02 -8.790091539219225524e+04
4.442530070166499172e+02 -8.790332137679751031e+04
4.491891515390571499e+02 -8.790547567574017739e+04
4.541252960614643257e+02 -8.790672445842377783e+04
4.590614405838715584e+02 -8.790642444981285371e+04
4.639975851062787910e+02 -8.790545651681502932e+04
4.689337296286860237e+02 -8.790469816336211807e+04
4.738698741510931995e+02 -8.790412251544515311e+04
4.788060186735004322e+02 -8.790370269905519672e+04
4.837421631959076649e+02 -8.790341184018326749e+04
4.886783077183148976e+02 -8.790322306482042768e+04
4.936144522407221302e+02 -8.790310949895771046e+04
4.985505967631293061e+02 -8.790304432669095695e+04
5.034867412855365387e+02 -8.790310467432356381e+04
5.084228858079437714e+02 -8.790332624405385286e+04
5.133590303303509472e+02 -8.790363473968324251e+04
5.182951748527582367e+02 -8.790395586501315120e+04
5.232313193751654126e+02 -8.790421532384498278e+04
5.281674638975727021e+02 -8.790433881998017023e+04
5.331036084199798779e+02 -8.790425205722013197e+04
5.380397529423870537e+02 -8.790388073936628643e+04
5.429758974647943433e+02 -8.790323450602713274e+04
5.479120419872015191e+02 -8.790268092289067863e+04
5.528481865096088086e+02 -8.790231125043543580e+04
5.577843310320159844e+02 -8.790217048326958320e+04
5.627204755544231602e+02 -8.790230361600128526e+04
5.676566200768304498e+02 -8.790275564323873550e+04
5.725927645992376256e+02 -8.790357155959008378e+04
5.775289091216449151e+02 -8.790479635966352362e+04
5.824650536440520909e+02 -8.790647503806723398e+04
5.874011981664592668e+02 -8.790845241416034696e+04
5.923373426888665563e+02 -8.790971452300617239e+04
5.972734872112737321e+02 -8.791026746160052426e+04
6.022096317336810216e+02 -8.791029383943698485e+04
6.071457762560881974e+02 -8.790997626600912190e+04
6.120819207784953733e+02 -8.790949735081051767e+04
6.170180653009026628e+02 -8.790903970333473990e+04
6.219542098233098386e+02 -8.790878593307538540e+04
6.268903543457171281e+02 -8.790891864952602191e+04
6.318264988681243040e+02 -8.790925237236807880e+04
6.367626433905314798e+02 -8.790927739768590254e+04
6.416987879129387693e+02 -8.790905719471692282e+04
6.466349324353459451e+02 -8.790866555816277105e+04
6.515710769577532346e+02 -8.790817628272507864e+04
6.565072214801604105e+02 -8.790766316310546244e+04
6.614433660025675863e+02 -8.790719999400556844e+04
6.663795105249748758e+02 -8.790686057012698438e+04
6.713156550473820516e+02 -8.790679456949485757e+04
6.762517995697893411e+02 -8.790731763560467516e+04
6.811879440921965170e+02 -8.790828589059770457e+04
6.861240886146036928e+02 -8.790950257154979045e+04
6.910602331370109823e+02 -8.791077091553680657e+04
6.959963776594181581e+02 -8.791189415963462670e+04
7.009325221818254477e+02 -8.791267554091909551e+04
7.058686667042326235e+02 -8.791291829646610131e+04
7.108048112266397993e+02 -8.791258449960168218e+04
7.157409557490470888e+02 -8.791236661479527538e+04
7.206771002714542647e+02 -8.791232329972190200e+04
7.256132447938615542e+02 -8.791239720238621521e+04
7.305493893162687300e+02 -8.791253097079279542e+04
7.354855338386759058e+02 -8.791266725294629578e+04
7.404216783610831953e+02 -8.791274869685131125e+04
7.453578228834903712e+02 -8.791271795051248046e+04
7.502939674058976607e+02 -8.791260370164287451e+04
7.552301119283048365e+02 -8.791265868695660902e+04
7.601662564507120123e+02 -8.791286393972027872e+04
7.651024009731193019e+02 -8.791317398278931796e+04
7.700385454955264777e+02 -8.791354333901913196e+04
7.749746900179337672e+02 -8.791392653126516961e+04
7.799108345403409430e+02 -8.791427808238283615e+04
7.848469790627481188e+02 -8.791455251522755134e+04
7.897831235851554084e+02 -8.791473397018089599e+04
7.947192681075625842e+02 -8.791487014358246233e+04
7.996554126299698737e+02 -8.791496098467723641e+04
8.045915571523770495e+02 -8.791500374297292728e+04
8.095277016747842254e+02 -8.791499566797727311e+04
8.144638461971915149e+02 -8.791493400919796841e+04
8.193999907195986907e+02 -8.791481601614272222e+04
8.243361352420059802e+02 -8.791463893831927271e+04
8.292722797644131560e+02 -8.791451768155716127e+04
8.342084242868203319e+02 -8.791462625737268536e+04
8.391445688092276214e+02 -8.791490717658252106e+04
8.440807133316347972e+02 -8.791529855320649222e+04
8.490168578540420867e+02 -8.791573850126443722e+04
8.539530023764492626e+02 -8.791616513477616536e+04
8.588891468988564384e+02 -8.791651656776152959e+04
8.638252914212637279e+02 -8.791673091424033919e+04
8.687614359436709037e+02 -8.791683105274106492e+04
8.736975804660781932e+02 -8.791691147336833819e+04
8.786337249884853691e+02 -8.791696393378771609e+04
8.835698695108925449e+02 -8.791697916696853645e+04
8.885060140332998344e+02 -8.791694790588016622e+04
8.934421585557070102e+02 -8.791686088349194324e+04
8.983783030781142998e+02 -8.791670883277320536e+04
9.033144476005214756e+02 -8.791648248669330496e+04
9.082505921229286514e+02 -8.791648229448647180e+04
9.131867366453359409e+02 -8.791699940216551477e+04
9.181228811677431167e+02 -8.791789049280526524e+04
9.230590256901504063e+02 -8.791901105107118201e+04
9.279951702125575821e+02 -8.792021656162870931e+04
9.329313147349647579e+02 -8.792136250914330594e+04
9.378674592573720474e+02 -8.792230437828043068e+04
9.428036037797792233e+02 -8.792289765370554233e+04
9.477397483021863991e+02 -8.792321532582891814e+04
9.526758928245936886e+02 -8.792346004157114658e+04
9.576120373470008644e+02 -8.792364140360204328e+04
9.625481818694081539e+02 -8.792376878108319943e+04
9.674843263918153298e+02 -8.792385154317617707e+04
9.724204709142225056e+02 -8.792389905904255284e+04
9.773566154366297951e+02 -8.792392069784388877e+04
9.822927599590370846e+02 -8.792392582874176151e+04
