0.000000000000000000e+00 -9.220367201401050261e+04
6.574796587321329877e-01 -9.220363996690908971e+04
1.314959317464265975e+00 -9.220354331582745363e+04
1.972438976196398963e+00 -9.220338129609952739e+04
2.629918634928531951e+00 -9.220315349084940681e+04
3.287398293660665161e+00 -9.220286001280530763e+04
3.944877952392797926e+00 -9.220249937093991321e+04
4.602357611124930692e+00 -9.220207010660713422e+04
5.259837269857063902e+00 -9.220157303116304683e+04
5.917316928589197111e+00 -9.220100524285901338e+04
6.574796587321330321e+00 -9.220036238664769917e+04
7.232276246053462643e+00 -9.219964457268235856e+04
7.889755904785595853e+00 -9.219884987010709301e+04
8.547235563517729062e+00 -9.219796738564230327e+04
9.204715222249861384e+00 -9.219699035070982063e+04
9.862194880981995482e+00 -9.219592550837570161e+04
1.051967453971412780e+01 -9.219475507327294326e+04
1.117715419844626012e+01 -9.219345791237454978e+04
1.183463385717839422e+01 -9.219204122594026558e+04
1.249211351591052654e+01 -9.219057305697671836e+04
1.314959317464266064e+01 -9.218912917784696037e+04
1.380707283337479296e+01 -9.218782862264729920e+04
1.446455249210692529e+01 -9.218684908226453990e+04
1.512203215083905938e+01 -9.218629161198025395e+04
1.577951180957119171e+01 -9.218622476437663136e+04
1.643699146830332580e+01 -9.218645933821272047e+04
1.709447112703545812e+01 -9.218691566736401001e+04
1.775195078576759045e+01 -9.218756013765820535e+04
1.840943044449972277e+01 -9.218835913492301188e+04
1.906691010323185509e+01 -9.218927904498614953e+04
1.972438976196399096e+01 -9.219028625367529457e+04
2.038186942069612329e+01 -9.219134914720077359e+04
2.103934907942825561e+01 -9.219244749285411672e+04
2.169682873816038793e+01 -9.219354125721976743e+04
2.235430839689252025e+01 -9.219458590286431718e+04
2.301178805562465612e+01 -9.219553689235435741e+04
2.366926771435678845e+01 -9.219634968825647957e+04
2.432674737308892077e+01 -9.219697975313724601e+04
2.498422703182105309e+01 -9.219740224610747828e+04
2.564170669055318541e+01 -9.219778993704573077e+04
2.629918634928532128e+01 -9.219819818414127803e+04
2.695666600801745361e+01 -9.219863285752647789e+04
2.761414566674958593e+01 -9.219909982733368815e+04
2.827162532548171825e+01 -9.219960496369528119e+04
2.892910498421385057e+01 -9.220015413674360025e+04
2.958658464294598289e+01 -9.220074402990892122e+04
3.024406430167811877e+01 -9.220122716696897987e+04
3.090154396041025109e+01 -9.220157498312760436e+04
3.155902361914238341e+01 -9.220181977949111024e+04
3.221650327787451573e+01 -9.220199385716582765e+04
3.287398293660665161e+01 -9.220212951725808671e+04
3.353146259533878037e+01 -9.220225906087421754e+04
3.418894225407091625e+01 -9.220241542237754038e+04
3.484642191280304502e+01 -9.220269152057931933e+04
3.550390157153518089e+01 -9.220310302157734986e+04
3.616138123026731677e+01 -9.220360166980997019e+04
3.681886088899944554e+01 -9.220413920971548941e+04
3.747634054773158141e+01 -9.220466738573220209e+04
3.813382020646371018e+01 -9.220513794229844643e+04
3.879129986519584605e+01 -9.220550262385253154e+04
3.944877952392798193e+01 -9.220573894065778586e+04
4.010625918266011070e+01 -9.220589793575188378e+04
4.076373884139224657e+01 -9.220602003321495431e+04
4.142121850012437534e+01 -9.220614476709734299e+04
4.207869815885651121e+01 -9.220631167144940991e+04
4.273617781758864709e+01 -9.220656028032148606e+04
4.339365747632077586e+01 -9.220693012776393152e+04
4.405113713505291173e+01 -9.220744505115610082e+04
4.470861679378504050e+01 -9.220797191882271727e+04
4.536609645251717637e+01 -9.220846451805437391e+04
4.602357611124931225e+01 -9.220891419112315634e+04
4.668105576998144102e+01 -9.220931228030117927e+04
4.733853542871357689e+01 -9.220965012786055740e+04
4.799601508744570566e+01 -9.220991907607340545e+04
4.865349474617784153e+01 -9.221011046721183811e+04
4.931097440490997741e+01 -9.221027497843491437e+04
4.996845406364210618e+01 -9.221052089578226150e+04
5.062593372237424205e+01 -9.221083958758166409e+04
5.128341338110637082e+01 -9.221121908710116986e+04
5.194089303983850670e+01 -9.221164742760879744e+04
5.259837269857064257e+01 -9.221211264237259456e+04
5.325585235730277134e+01 -9.221260276466060895e+04
5.391333201603490721e+01 -9.221310486673741252e+04
5.457081167476703598e+01 -9.221352532929756853e+04
5.522829133349917186e+01 -9.221383105427009286e+04
5.588577099223130062e+01 -9.221405430410472036e+04
5.654325065096343650e+01 -9.221422734125120041e+04
5.720073030969557237e+01 -9.221438242815931153e+04
5.785820996842770114e+01 -9.221455182727880310e+04
5.851568962715983702e+01 -9.221476780105939542e+04
5.917316928589196579e+01 -9.221506381363299442e+04
5.983064894462410166e+01 -9.221547206509474199e+04
6.048812860335623753e+01 -9.221596645629213890e+04
6.114560826208836630e+01 -9.221650794640195090e+04
6.180308792082050218e+01 -9.221705749460091465e+04
6.246056757955263095e+01 -9.221757606006576680e+04
6.311804723828476682e+01 -9.221802460197324399e+04
6.377552689701690269e+01 -9.221836407950008288e+04
6.443300655574903146e+01 -9.221856763594175573e+04
6.509048621448116023e+01 -9.221875052791030612e+04
6.574796587321330321e+01 -9.221895726092206314e+04
6.640544553194543198e+01 -9.221919589330526651e+04
6.706292519067756075e+01 -9.221947448338821414e+04
6.772040484940970373e+01 -9.221980108949918940e+04
6.837788450814183250e+01 -9.222018376996644656e+04
6.903536416687396127e+01 -9.222063058311826899e+04
6.969284382560609004e+01 -9.222114022731495788e+04
7.035032348433823302e+01 -9.222157674464018783e+04
7.100780314307036178e+01 -9.222190785126629635e+04
7.166528280180249055e+01 -9.222215288200692157e+04
7.232276246053463353e+01 -9.222233117167574528e+04
7.298024211926676230e+01 -9.222246205508639105e+04
7.363772177799889107e+01 -9.222256486705252610e+04
7.429520143673103405e+01 -9.222265894238778856e+04
7.495268109546316282e+01 -9.222276505012082634e+04
7.561016075419529159e+01 -9.222298168267477013e+04
7.626764041292742036e+01 -9.222332880098889291e+04
7.692512007165956334e+01 -9.222376305231744482e+04
7.758259973039169211e+01 -9.222424108391463233e+04
7.824007938912382087e+01 -9.222471954303469101e+04
7.889755904785596385e+01 -9.222515507693184190e+04
7.955503870658809262e+01 -9.222550433286032057e+04
8.021251836532022139e+01 -9.222572395807433350e+04
8.086999802405236437e+01 -9.222582400195382070e+04
8.152747768278449314e+01 -9.222588178032948053e+04
8.218495734151662191e+01 -9.222592187088841456e+04
8.284243700024875068e+01 -9.222596817044055206e+04
8.349991665898089366e+01 -9.222604457579577866e+04
8.415739631771302243e+01 -9.222617498376400908e+04
8.481487597644515120e+01 -9.222638329115514352e+04
8.547235563517729418e+01 -9.222669339477908215e+04
8.612983529390942294e+01 -9.222709377600888547e+04
8.678731495264155171e+01 -9.222742815655327286e+04
8.744479461137368048e+01 -9.222767889858540730e+04
8.810227427010582346e+01 -9.222785068903505453e+04
8.875975392883795223e+01 -9.222794821483190753e+04
8.941723358757008100e+01 -9.222797616290571750e+04
9.007471324630222398e+01 -9.222793922018620651e+04
9.073219290503435275e+01 -9.222784207360311120e+04
9.138967256376648152e+01 -9.222769140745791083e+04
9.204715222249862450e+01 -9.222760280949942535e+04
9.270463188123075327e+01 -9.222762241522246040e+04
9.336211153996288203e+01 -9.222772374589541869e+04
9.401959119869501080e+01 -9.222788032278677565e+04
9.467707085742715378e+01 -9.222806566716496309e+04
9.533455051615928255e+01 -9.222825330029839824e+04
9.599203017489141132e+01 -9.222841674345554202e+04
9.664950983362355430e+01 -9.222852951790482621e+04
9.730698949235568307e+01 -9.222856368357724568e+04
9.796446915108781184e+01 -9.222850832817799528e+04
9.862194880981995482e+01 -9.222837866898419452e+04
9.927942846855208359e+01 -9.222819097798870644e+04
9.993690812728421236e+01 -9.222796152718443773e+04
1.005943877860163411e+02 -9.222770658856428054e+04
1.012518674447484841e+02 -9.222744243412111246e+04
1.019093471034806129e+02 -9.222718533584784018e+04
1.025668267622127416e+02 -9.222695282976020826e+04
1.032243064209448846e+02 -9.222681400148269313e+04
1.038817860796770134e+02 -9.222677726182118931e+04
1.045392657384091422e+02 -9.222680946493093506e+04
1.051967453971412851e+02 -9.222687746496719774e+04
1.058542250558734139e+02 -9.222694811608523014e+04
1.065117047146055427e+02 -9.222698827244025597e+04
1.071691843733376714e+02 -9.222696478818754258e+04
1.078266640320698144e+02 -9.222684451748232823e+04
1.084841436908019432e+02 -9.222661089259717846e+04
1.091416233495340720e+02 -9.222632614777199342e+04
1.097991030082662149e+02 -9.222602035799493024e+04
1.104565826669983437e+02 -9.222571694980190659e+04
1.111140623257304725e+02 -9.222543934972881107e+04
1.117715419844626012e+02 -9.222521098431154678e+04
1.124290216431947442e+02 -9.222505528008601686e+04
1.130865013019268730e+02 -9.222499566358810989e+04
1.137439809606590018e+02 -9.222505556135372899e+04
1.144014606193911447e+02 -9.222515787140646717e+04
1.150589402781232735e+02 -9.222520858866735944e+04
1.157164199368554023e+02 -9.222522782776512031e+04
1.163738995955875453e+02 -9.222523583745225915e+04
1.170313792543196740e+02 -9.222525286648131441e+04
1.176888589130518028e+02 -9.222529916360479547e+04
1.183463385717839316e+02 -9.222539497757524077e+04
1.190038182305160745e+02 -9.222556055714517424e+04
1.196612978892482033e+02 -9.222582329990691505e+04
1.203187775479803321e+02 -9.222629873342627252e+04
1.209762572067124751e+02 -9.222702593514724867e+04
1.216337368654446038e+02 -9.222801103231860907e+04
1.222912165241767326e+02 -9.222926015218916291e+04
1.229486961829088756e+02 -9.223077942200767575e+04
1.236061758416410044e+02 -9.223257496902297135e+04
1.242636555003731331e+02 -9.223465292048380070e+04
1.249211351591052619e+02 -9.223701940363898757e+04
1.255786148178374049e+02 -9.223956022508640308e+04
1.262360944765695336e+02 -9.224188409970808425e+04
1.268935741353016624e+02 -9.224394696886927704e+04
1.275510537940338054e+02 -9.224573377776172129e+04
1.282085334527659199e+02 -9.224722947157712770e+04
1.288660131114980629e+02 -9.224841899550723610e+04
1.295234927702302059e+02 -9.224928729474375723e+04
1.301809724289623205e+02 -9.224981931447840179e+04
1.308384520876944634e+02 -9.224999999990289507e+04
