0.000000000000000000e+00 -9.428955064649232372e+04
5.072731659557175865e-01 -9.428952565838239389e+04
1.014546331911435173e+00 -9.428945029118613456e+04
1.521819497867152648e+00 -9.428932395271284622e+04
2.029092663822870346e+00 -9.428914656255934096e+04
2.536365829778588044e+00 -9.428891744179700618e+04
3.043638995734305297e+00 -9.428863563300993701e+04
3.550912161690022995e+00 -9.428830178855544364e+04
4.058185327645740692e+00 -9.428791450176812941e+04
4.565458493601457945e+00 -9.428747233705905091e+04
5.072731659557176087e+00 -9.428697757440614805e+04
5.580004825512893341e+00 -9.428642680164480407e+04
6.087277991468610594e+00 -9.428581761912496586e+04
6.594551157424328736e+00 -9.428515774657331349e+04
7.101824323380045989e+00 -9.428445151943425299e+04
7.609097489335764131e+00 -9.428370866819226649e+04
8.116370655291481384e+00 -9.428297159026958980e+04
8.623643821247199526e+00 -9.428229061253763211e+04
9.130916987202915891e+00 -9.428172664477533544e+04
9.638190153158634033e+00 -9.428134970261217677e+04
1.014546331911435217e+01 -9.428121551188459853e+04
1.065273648507006854e+01 -9.428135798721015453e+04
1.116000965102578668e+01 -9.428175056114405743e+04
1.166728281698150482e+01 -9.428235741087880160e+04
1.217455598293722119e+01 -9.428314271360685234e+04
1.268182914889293933e+01 -9.428407064652070403e+04
1.318910231484865747e+01 -9.428510538681283651e+04
1.369637548080437561e+01 -9.428621111167574418e+04
1.420364864676009198e+01 -9.428736730700152111e+04
1.471092181271581012e+01 -9.428857050753505609e+04
1.521819497867152826e+01 -9.428979345020651817e+04
1.572546814462724463e+01 -9.429100832351487770e+04
1.623274131058296277e+01 -9.429218731595909048e+04
1.674001447653867913e+01 -9.429330261603812687e+04
1.724728764249439905e+01 -9.429432641225095722e+04
1.775456080845011542e+01 -9.429524114808735612e+04
1.826183397440583178e+01 -9.429608194918259687e+04
1.876910714036155170e+01 -9.429687633668979106e+04
1.927638030631726807e+01 -9.429764908174077573e+04
1.978365347227298443e+01 -9.429842495546738792e+04
2.029092663822870435e+01 -9.429922872900145012e+04
2.079819980418442071e+01 -9.430008517347479938e+04
2.130547297014013708e+01 -9.430100976622893359e+04
2.181274613609585700e+01 -9.430188538875993981e+04
2.232001930205157336e+01 -9.430268183096122812e+04
2.282729246800728973e+01 -9.430341486248379806e+04
2.333456563396300965e+01 -9.430410025297867833e+04
2.384183879991872601e+01 -9.430475377209691214e+04
2.434911196587444238e+01 -9.430539118948951364e+04
2.485638513183016229e+01 -9.430602827480749693e+04
2.536365829778587866e+01 -9.430670371998711198e+04
2.587093146374159858e+01 -9.430744681537798897e+04
2.637820462969731494e+01 -9.430823679486881883e+04
2.688547779565303131e+01 -9.430905241024740099e+04
2.739275096160875123e+01 -9.430987241330154939e+04
2.790002412756446759e+01 -9.431067555581903434e+04
2.840729729352018396e+01 -9.431144058958765527e+04
2.891457045947590387e+01 -9.431214611795883684e+04
2.942184362543162024e+01 -9.431278250033904624e+04
2.992911679138733660e+01 -9.431337102188727295e+04
3.043638995734305652e+01 -9.431393718325962254e+04
3.094366312329877289e+01 -9.431450648511218606e+04
3.145093628925448925e+01 -9.431510442810109816e+04
3.195820945521020917e+01 -9.431575651288243535e+04
3.246548262116592554e+01 -9.431648824011230317e+04
3.297275578712164190e+01 -9.431730003143819340e+04
3.348002895307735827e+01 -9.431810128914722009e+04
3.398730211903308174e+01 -9.431887874682282563e+04
3.449457528498879810e+01 -9.431962978495036077e+04
3.500184845094451447e+01 -9.432035178401521989e+04
3.550912161690023083e+01 -9.432104212450273917e+04
3.601639478285594720e+01 -9.432169818689828389e+04
3.652366794881166356e+01 -9.432231735168721934e+04
3.703094111476738703e+01 -9.432292350503032503e+04
3.753821428072310340e+01 -9.432358667852905637e+04
3.804548744667881977e+01 -9.432429985782114090e+04
3.855276061263453613e+01 -9.432505094660460600e+04
3.906003377859025250e+01 -9.432582784857750812e+04
3.956730694454596886e+01 -9.432661846743784554e+04
4.007458011050169233e+01 -9.432741070688366017e+04
4.058185327645740870e+01 -9.432819247061297938e+04
4.108912644241312506e+01 -9.432893801209061348e+04
4.159639960836884143e+01 -9.432960390398825984e+04
4.210367277432455779e+01 -9.433021109207374684e+04
4.261094594028027416e+01 -9.433078560778246901e+04
4.311821910623599763e+01 -9.433135348254983546e+04
4.362549227219171399e+01 -9.433194074781126983e+04
4.413276543814743036e+01 -9.433257343500215211e+04
4.464003860410314672e+01 -9.433327757555792050e+04
4.514731177005886309e+01 -9.433406863545358647e+04
4.565458493601457945e+01 -9.433487283043256321e+04
4.616185810197030293e+01 -9.433566581578427576e+04
4.666913126792601929e+01 -9.433644158896691806e+04
4.717640443388173566e+01 -9.433719414743877132e+04
4.768367759983745202e+01 -9.433791748865801492e+04
4.819095076579316839e+01 -9.433860561008291552e+04
4.869822393174888475e+01 -9.433925250917168160e+04
4.920549709770460822e+01 -9.433985240421027993e+04
4.971277026366032459e+01 -9.434046464816243679e+04
5.022004342961604095e+01 -9.434113107532708091e+04
5.072731659557175732e+01 -9.434184016432597127e+04
5.123458976152747368e+01 -9.434258039378086687e+04
5.174186292748319715e+01 -9.434334024231357034e+04
5.224913609343891352e+01 -9.434410818854581157e+04
5.275640925939462988e+01 -9.434487271109937865e+04
5.326368242535034625e+01 -9.434562228859603056e+04
5.377095559130606262e+01 -9.434633407925446227e+04
5.427822875726177898e+01 -9.434696522769861622e+04
5.478550192321750245e+01 -9.434753490058590251e+04
5.529277508917321882e+01 -9.434806840558121621e+04
5.580004825512893518e+01 -9.434859105034943786e+04
5.630732142108465155e+01 -9.434912814255546255e+04
5.681459458704036791e+01 -9.434970498986417078e+04
5.732186775299608428e+01 -9.435034689994045766e+04
5.782914091895180775e+01 -9.435107902870277758e+04
5.833641408490752411e+01 -9.435184653199781314e+04
5.884368725086324048e+01 -9.435258845605047827e+04
5.935096041681895684e+01 -9.435330219680258597e+04
5.985823358277467321e+01 -9.435398515019593469e+04
6.036550674873038957e+01 -9.435463471217232291e+04
6.087277991468611305e+01 -9.435524827867353451e+04
6.138005308064182941e+01 -9.435582324564139708e+04
6.188732624659754578e+01 -9.435635700901767996e+04
6.239459941255326214e+01 -9.435685843035639846e+04
6.290187257850897851e+01 -9.435740818877269339e+04
6.340914574446469487e+01 -9.435801115872994706e+04
6.391641891042041834e+01 -9.435865354434834444e+04
6.442369207637612760e+01 -9.435932154974805599e+04
6.493096524233185107e+01 -9.436000137904926669e+04
6.543823840828757454e+01 -9.436067923637216154e+04
6.594551157424328380e+01 -9.436134132583691098e+04
6.645278474019900727e+01 -9.436197385156370001e+04
6.696005790615471653e+01 -9.436254498883603083e+04
6.746733107211044000e+01 -9.436302810519392369e+04
6.797460423806616348e+01 -9.436344820781088492e+04
6.848187740402187274e+01 -9.436383140161650954e+04
6.898915056997759621e+01 -9.436420379154040711e+04
6.949642373593330547e+01 -9.436459148251215811e+04
7.000369690188902894e+01 -9.436502057946138666e+04
7.051097006784473820e+01 -9.436551718731765868e+04
7.101824323380046167e+01 -9.436610493798456446e+04
7.152551639975618514e+01 -9.436672037244908279e+04
7.203278956571189440e+01 -9.436731994075332477e+04
7.254006273166761787e+01 -9.436789595183821802e+04
7.304733589762332713e+01 -9.436844071464474837e+04
7.355460906357905060e+01 -9.436894653811382886e+04
7.406188222953477407e+01 -9.436940573118644534e+04
7.456915539549048333e+01 -9.436981060280351085e+04
7.507642856144620680e+01 -9.437015346190601122e+04
7.558370172740191606e+01 -9.437044716093210445e+04
7.609097489335763953e+01 -9.437076817151806608e+04
7.659824805931334879e+01 -9.437112209379108390e+04
7.710552122526907226e+01 -9.437150611383469368e+04
7.761279439122479573e+01 -9.437191741773241665e+04
7.812006755718050499e+01 -9.437235319156775950e+04
7.862734072313622846e+01 -9.437281062142422888e+04
7.913461388909193772e+01 -9.437328689338537515e+04
7.964188705504766119e+01 -9.437377902047915268e+04
8.014916022100338466e+01 -9.437422498148439627e+04
8.065643338695909392e+01 -9.437458900234059547e+04
8.116370655291481739e+01 -9.437488957147405017e+04
8.167097971887052665e+01 -9.437514517731111846e+04
8.217825288482625012e+01 -9.437537430827811477e+04
8.268552605078197359e+01 -9.437559545280135353e+04
8.319279921673768285e+01 -9.437582709930716373e+04
8.370007238269340633e+01 -9.437608773622188892e+04
8.420734554864911559e+01 -9.437639850209893484e+04
8.471461871460483906e+01 -9.437677769033041841e+04
8.522189188056054832e+01 -9.437721404857450398e+04
8.572916504651627179e+01 -9.437769352856470505e+04
8.623643821247199526e+01 -9.437820208203457878e+04
8.674371137842770452e+01 -9.437872566071762412e+04
8.725098454438342799e+01 -9.437925021634736913e+04
8.775825771033913725e+01 -9.437976170065735641e+04
8.826553087629486072e+01 -9.438024614329457108e+04
8.877280404225058419e+01 -9.438070694506375003e+04
8.928007720820629345e+01 -9.438117430427293584e+04
8.978735037416201692e+01 -9.438167871308614849e+04
9.029462354011772618e+01 -9.438225066366740793e+04
9.080189670607344965e+01 -9.438292064818070503e+04
9.130916987202915891e+01 -9.438371915879007429e+04
9.181644303798488238e+01 -9.438467668765952112e+04
9.232371620394060585e+01 -9.438582372695303638e+04
9.283098936989631511e+01 -9.438719728403358022e+04
9.333826253585203858e+01 -9.438880899501287786e+04
9.384553570180774784e+01 -9.439061432397867611e+04
9.435280886776347131e+01 -9.439256646740267752e+04
9.486008203371919478e+01 -9.439461862175661372e+04
9.536735519967490404e+01 -9.439672398351220181e+04
9.587462836563062751e+01 -9.439883574914118799e+04
9.638190153158633677e+01 -9.440090711511527479e+04
9.688917469754206024e+01 -9.440288259176924475e+04
9.739644786349776950e+01 -9.440462409042312356e+04
9.790372102945349297e+01 -9.440610424641985446e+04
9.841099419540921645e+01 -9.440733204214058060e+04
9.891826736136492570e+01 -9.440831645996648876e+04
9.942554052732064918e+01 -9.440906648227869300e+04
9.993281369327635844e+01 -9.440959109145836555e+04
1.004400868592320819e+02 -9.440989926988666411e+04
1.009473600251878054e+02 -9.440999999994473183e+04
